6.6670219627252314e-001
2.3411016965204259e+000
4.7253892734519747e+000
3.9945809958811700e+000
-4.8705100362469750e-001
1.4704004517836211e-002
7.7537757292655831e+000
3.0680113274276399e+000
2.6781666431316475e-001
3.3129109281727178e+000
1.9137369359386600e+000
5.0963561476899288e+000
5.2286385876526409e-001
5.5493425020969509e+000
2.0706660461306754e+000
1.3973163040667815e+000
4.8150084120543152e-001
2.6510240638224860e+000
7.1473012002859075e+000
-6.2941621235822809e-002
4.0574130625272908e-001
5.6615767304892168e+000
4.3196117508495666e+000
-1.6098557797744917e+000
1.0156301959613874e+000
2.5017715507936384e+000
4.4431155711345678e+000
4.1755296392907937e+000
-1.0149350108652672e-002
3.0121577469461576e+000
7.0750768936997250e+000
3.3415559030258057e+000
8.2925044795607006e-001
2.8395118487760511e+000
1.4587234641273330e+000
4.2790723046496186e+000
3.0694010920569148e-001
1.2598016950020972e+000
1.6331081870968658e+000
3.0325253766677926e+000
7.4513367249573270e-001
2.2705972085753152e+000
6.7213179785691768e+000
-5.6726758210865436e-001
4.4570106032655127e-001
1.9442346087125997e+000
4.9379061725131939e+000
-5.0483598873576740e-001
7.7964799622328285e-001
3.3138770327361096e+000
4.2284456109724351e+000
3.8192312544272622e+000
8.6100393872740477e-001
5.2661038373568179e+000
2.2967446415593011e+000
3.0118007327860541e+000
4.1184078147076708e-001
1.1819754176544086e+000
2.5395568766624983e+000
4.1847918183333421e+000
-1.4444627667096177e-001
5.8340876151919674e-001
2.7044099850075161e+000
2.4214720134889429e+000
9.7123933437332310e-001
4.4995362694097487e+000
3.4849446031581861e+000
3.7055626910647205e-001
5.2714758735715717e-001
3.9481460011861667e+000
2.6560875096183034e+000
-3.4273212874769421e-001
8.6624560801691797e-001
2.9003364502852156e+000
6.6607043634385628e+000
5.5783253720325976e-001
8.0856579535384254e-001
5.0181749362915067e+000
5.3116760865060098e+000
1.5922262473776960e+000
2.6152125993413516e-001
1.8385556468435207e+000
6.3322829991985277e+000
-2.0783487965315856e-001
1.8407454624961761e-001
2.7669520285088367e-001
4.4340915706327761e+000
1.0254298051187642e+000
7.6990732460841627e-001
4.8840444539833916e+000
2.9302591797663005e+000
1.4555718767665367e+000
5.3017110908581677e-001
3.2798478087419944e+000
1.4437014434811060e+000
1.6139999688252282e+000
