-2.7856319848382327e+000
-2.2934022899804880e+000
-2.2926246304752662e-001
2.5363498873879582e+000
-2.7161709101246716e+000
-2.4247343432485318e+000
8.3634861263575255e-001
1.5474943992147399e+000
-2.8456511121246288e+000
-1.5963736721075221e+000
-8.8825788317868959e-001
2.5059829801761824e+000
-2.7322925868629828e+000
-6.3901556681973015e-001
-9.8188340357241388e-001
1.5476169246675915e+000
-3.1958834530651550e+000
-1.5601434087252066e+000
8.8975342617272113e-001
7.9668949308248715e-001
-2.7499709049115708e+000
-7.4184840118621009e-001
-1.5178241016542407e-001
8.5833691692632974e-001
-2.5952218537968643e+000
-3.1978862082166750e+000
-1.4341926111377318e-001
2.3902701043169121e+000
-2.6471746493867259e+000
-3.2601729586302897e+000
7.5559457599553581e-001
1.6108772263508213e+000
-2.4625731017577031e+000
-3.1914120510754946e+000
-1.0398433266496292e+000
2.3767855584427839e+000
-2.6313216556534575e+000
-3.1874870071110637e+000
-9.7898407557622324e-001
1.4738594980818338e+000
-2.9310106863462320e+000
-3.4113678834460526e+000
8.2771119861200604e-001
7.9130940161223307e-001
-2.8104246114699305e+000
-3.2957633931917778e+000
-2.0698136511986090e-001
7.7111564269142385e-001
-2.3543685206833560e+000
-1.6489159017512378e+000
-1.6562189266677807e+000
2.3525707978420836e+000
-2.7009994468907998e+000
-6.0765182317391109e-001
-1.8045040143136599e+000
1.5205781008867731e+000
-2.5014072703029093e+000
-2.4545036615768341e+000
-1.7776755594833211e+000
2.4568614441888093e+000
-2.9779179595761822e+000
-2.5896180482086946e+000
-1.7604570597431617e+000
1.4254395678685603e+000
-2.7587315447651428e+000
-7.2548255756906344e-001
-1.7979744694455881e+000
6.8077142015464631e-001
-2.8225992462392746e+000
-1.6932381557956526e+000
-1.7751267120144021e+000
6.9934433648141525e-001
-2.3573622668334453e+000
-1.6233825611440686e+000
7.3520533263212506e-001
7.8121701254241907e-002
-2.5010016010952434e+000
-6.4480590253617709e-001
-2.2458211589926352e-001
6.4598220911023324e-002
-2.4556923745467221e+000
-2.6011117896026033e+000
7.8189718516120599e-001
1.5223874991628195e-001
-2.3064927052656459e+000
-2.4341447342668934e+000
-2.5767416362345397e-001
7.6999784734742699e-002
-2.4384687287349469e+000
-6.8250920457707898e-001
-1.0449551362881608e+000
1.0420648818285883e-001
-2.4433810948409938e+000
-1.7409137944528790e+000
-1.0955464238957373e+000
1.2043132704097284e-001
