-1.2372177014878178e+001
8.6475823852307663e+000
-2.3470849568874876e+000
1.2054631422110470e+001
-1.3161963852015806e+001
5.4506364857671477e+000
2.3020806200047064e+000
1.0775606281213163e+001
-1.2860257810643796e+001
9.6081572599648020e+000
-4.9625489059861643e+000
1.2465881003572830e+001
-1.2690236253583979e+001
1.1291424899467593e+001
-3.9428732010641010e+000
1.0035182291572891e+001
-1.2962509037583402e+001
7.8054204534569438e+000
2.3679797315900957e+000
7.4073555781202840e+000
-1.2940250779231445e+001
1.2201380984967242e+001
-2.3120075606802999e+000
5.8556829259318359e+000
-1.2220629900092140e+001
8.7837796822018994e+000
-2.1623415667010408e+000
1.1538462631033033e+001
-1.2792754166985144e+001
7.6545929543881881e+000
1.0078439526693839e+000
1.0613032455529391e+001
-1.2713740003218780e+001
6.9879746883054707e+000
-4.9263978837528866e+000
1.2371474516146503e+001
-1.3820629824192475e+001
3.0786753868644898e+000
-2.9133249655542057e+000
1.1719270220916941e+001
-1.2673826343923222e+001
5.9215744645226067e+000
1.9829136480309186e+000
7.4694090524645098e+000
-1.2568596030583127e+001
5.2027911156771900e+000
-9.5207982639818356e-001
8.7385726037015292e+000
-1.2265342370056835e+001
9.4515634785810985e+000
-2.6610450702524302e+000
1.1314913252281245e+001
-1.2103055526441389e+001
1.0973835525567525e+001
-2.7437787681371071e+000
1.0412554303680199e+001
-1.2746674288112025e+001
5.9106507291453463e+000
-2.7263130314167596e+000
1.2733894086481197e+001
-1.3135047157375896e+001
6.8589908244954936e+000
-4.3603173245086593e+000
1.1528781917618646e+001
-1.3080463141914040e+001
1.1664450531787065e+001
-6.0690876889193381e+000
9.0272321884221061e+000
-1.3665302843419896e+001
9.7475385973755007e+000
-3.4665550435688246e+000
5.8011432173601847e+000
-1.2016924628074825e+001
8.9538905409868157e+000
1.4047514974031030e+000
8.1625868834548854e+000
-1.3225290883204639e+001
1.2822036605142511e+001
-8.6289711099580246e-001
7.1233594559246889e+000
-1.2721634227173290e+001
6.4133087800435495e+000
9.4141650944998156e-001
6.9632654895131800e+000
-1.3047705066280249e+001
5.0226665074878847e+000
-1.5450093159767673e+000
8.1650103727510768e+000
-1.3532972101627172e+001
1.2648285485322544e+001
-5.4608697230470735e+000
7.6999039900346116e+000
-1.2379124695949297e+001
8.0578304958398785e+000
-4.5714008394107086e+000
1.0482806953215260e+001
