2.5049400806138822e+000
-3.1406900442497920e+000
-6.4345587702524443e-001
5.8530835064986853e-001
2.4551231189382019e+000
-3.1794797602905862e+000
1.2176441391561250e-001
-1.0935121199161218e-001
2.4371377209689178e+000
-2.5279228040316384e+000
-1.1589335552657629e+000
5.2347790596181087e-001
2.3465432746366486e+000
-1.7974313491479132e+000
-1.2061779678400433e+000
-1.2542375000944744e-001
2.1748534118005787e+000
-2.4742753130914048e+000
1.3859370307156410e-001
-7.1692950482002193e-001
2.3529967950050006e+000
-1.8150502668291750e+000
-5.6990092903911382e-001
-7.7266218233992967e-001
2.3029772402330764e+000
-3.8067489747010725e+000
-5.3382969014196879e-001
5.6824535567225853e-001
2.3025675797050593e+000
-3.8794541496472683e+000
1.1302667426880057e-001
-7.0183095118498101e-002
2.3834143234660652e+000
-3.7915410839346064e+000
-1.2386180222710304e+000
5.7040206861159948e-001
2.2607773198116510e+000
-3.7661749921433820e+000
-1.1016001072632373e+000
-1.9997774378571734e-001
2.2291977653257220e+000
-3.8310900052886332e+000
1.5786175144089637e-001
-5.8567963134829093e-001
2.1786474728156202e+000
-3.8093384048486310e+000
-5.2382134926159662e-001
-6.9040164591696784e-001
2.5280508607026304e+000
-2.6530407455931067e+000
-1.7145981023187864e+000
5.1871219524405376e-001
2.2507686942445932e+000
-1.7994978265721659e+000
-1.7976653717657622e+000
-1.3264927419503145e-001
2.4433887225095701e+000
-3.1847335731501372e+000
-1.8025063588890731e+000
6.3759046879530912e-001
2.0167602227225396e+000
-3.2659266299624465e+000
-1.7855540457086383e+000
-2.1883708857347184e-001
2.1827862508793423e+000
-1.8475485131800518e+000
-1.7782487391373314e+000
-6.8549542841577582e-001
2.1941957050284415e+000
-2.4583624147309813e+000
-1.8166679079771575e+000
-6.3309192815719717e-001
2.7413508360309162e+000
-2.5812262503831658e+000
7.7698813085776280e-002
-1.1046944421163971e+000
2.6524233075345798e+000
-1.9426432896898134e+000
-5.7803414952400201e-001
-1.1175002985142464e+000
2.5709301564529627e+000
-3.2254982832994425e+000
1.2967832091271844e-001
-1.0660521085149413e+000
2.6842316598818647e+000
-3.2291450162522999e+000
-6.2703503446552389e-001
-1.0511696688262326e+000
2.5781325106414679e+000
-1.8911404168405737e+000
-1.1799714408057587e+000
-1.0863333316131485e+000
2.6524320734008007e+000
-2.5831278139885283e+000
-1.3114125787112711e+000
-9.7515003696398062e-001
