-8.5669497937202455e-001
-7.5752033453741401e+000
3.3100011848783804e+000
6.5880588502359361e+000
-8.4800219815886335e-001
-7.6145998459702735e+000
3.9834644583847050e+000
5.9415647829250160e+000
-9.3026848896089687e-001
-7.1544216824563032e+000
2.9987634095325126e+000
6.5478670048514607e+000
-9.1614397409185688e-001
-6.4691264479338146e+000
2.8754000807786859e+000
6.0097985844707429e+000
-1.0536847720770663e+000
-7.0466426883327555e+000
3.9624353831868073e+000
5.4308039298279365e+000
-9.2636861596780395e-001
-6.4516694876517509e+000
3.3912965148508443e+000
5.4325658556994298e+000
-9.0093405227887191e-001
-8.0404029731402851e+000
3.3966420563926043e+000
6.4540011205360619e+000
-7.8984191458606368e-001
-8.0395356734693024e+000
3.8663896926125352e+000
5.9962435914802574e+000
-8.0865113149301548e-001
-7.9326336334280638e+000
2.7375053630493680e+000
6.4148872552593579e+000
-9.7287723322995545e-001
-8.0125954045964942e+000
2.8017210855928654e+000
5.9340624963330955e+000
-9.0913874127748029e-001
-8.0540658092672643e+000
3.8923990621307212e+000
5.7031929423882506e+000
-1.0245701670157052e+000
-8.0700959205662333e+000
3.3574905858689421e+000
5.5138811190728907e+000
-7.4462785670462261e-001
-7.1018780019846615e+000
2.5173347614784261e+000
6.4257530083587557e+000
-8.3940967181666115e-001
-6.6469950775094793e+000
2.3787106554348996e+000
6.0601287965282218e+000
-6.9292187272374095e-001
-7.6845470738958701e+000
2.4972155067295065e+000
6.5780638933020965e+000
-9.9478083860743571e-001
-7.5838377982232545e+000
2.5309860937841284e+000
5.8436001991569100e+000
-9.7130193149562460e-001
-6.4566721509465204e+000
2.4298505592135071e+000
5.3477420370252560e+000
-9.4931312579208726e-001
-7.0494230921938463e+000
2.5101923470602214e+000
5.4977036312019978e+000
-5.8594548121521750e-001
-7.1589416774725425e+000
3.7802603567065360e+000
5.2746453877063013e+000
-6.6550622451528429e-001
-6.6348494784956644e+000
3.2558409205674841e+000
5.2961329962641823e+000
-7.7541739286855205e-001
-7.8020659032199537e+000
3.8542081055746005e+000
5.3037538407326545e+000
-7.0806617139327954e-001
-7.4852057203291134e+000
3.3286983255104095e+000
5.0771772637110884e+000
-7.7467899475213486e-001
-6.5837740241879947e+000
3.1481662296447670e+000
5.0071580224612573e+000
-7.4948879901726650e-001
-7.1312804566276728e+000
2.8399692445905309e+000
5.2243485757349921e+000
