-5.9828958194877402e-001
2.8009373352286464e+000
3.0659499646012440e+000
2.5469901506222081e+000
-5.8027553769769791e-001
2.7821442771641500e+000
3.9287989031347852e+000
1.7262447895716979e+000
-6.0727090303508835e-001
3.4875920004415164e+000
2.4512369020057121e+000
2.4718485646761397e+000
-6.6505020857578845e-001
4.3328993013852308e+000
2.3944522056617661e+000
1.6939210539595835e+000
-8.7256590789886190e-001
3.5904486407162564e+000
3.9094533313254041e+000
9.8957787692091692e-001
-6.3208527915143109e-001
4.2539487536953491e+000
3.1372315256355194e+000
9.9824496708882249e-001
-7.0233183404153954e-001
2.1491678092354460e+000
3.1700005685660333e+000
2.4753793914350442e+000
-7.1607073234614604e-001
2.0454379421437987e+000
3.8815621721871789e+000
1.8103525021269544e+000
-5.7599334483126596e-001
2.1661531664150724e+000
2.3962870265691030e+000
2.4679804411038289e+000
-6.9873283256602692e-001
2.1572284192498845e+000
2.5035459323808444e+000
1.6415449205684136e+000
-8.2219315321221409e-001
2.0839184021687496e+000
3.9608360738526449e+000
1.0838259158216867e+000
-8.0771231067927740e-001
2.1266817426152729e+000
3.1630813686445665e+000
1.0152120840934786e+000
-4.8542931023685582e-001
3.4760586635328332e+000
1.8502265442353047e+000
2.4228763631207184e+000
-7.3377234719971507e-001
4.3304169014189213e+000
1.7299798915866935e+000
1.7231787274939623e+000
-5.8514698013138999e-001
2.7859132990998003e+000
1.7535548839600645e+000
2.5396118323849532e+000
-9.3804418055473981e-001
2.7570536791647990e+000
1.7620747971332309e+000
1.6122864287807923e+000
-8.0428521432622213e-001
4.3214113534606611e+000
1.7811268103128992e+000
1.0152385941468516e+000
-7.7172025257776389e-001
3.5401973856014282e+000
1.7884072290116775e+000
1.0275739858476494e+000
-5.2431928806656480e-001
3.5127622440691617e+000
3.9521243385360458e+000
3.6919469418115530e-001
-5.0919587079651230e-001
4.2562129014880030e+000
3.1096812126983520e+000
4.2057497484984169e-001
-5.9547243112791870e-001
2.7237047407322574e+000
3.9863550481340830e+000
4.9311631952994911e-001
-4.3638479990164436e-001
2.8576521840615343e+000
3.0943167303000010e+000
4.2808534889107980e-001
-5.5821741652596490e-001
4.3327131205720963e+000
2.4374667462020922e+000
4.7502683981854898e-001
-4.7084575148347640e-001
3.5042128413907960e+000
2.3721871827279717e+000
5.1189548332540469e-001
