6.4321194764364993e+000
-6.5281544024319578e+000
5.2164707379283659e-001
5.4475550359995388e+000
6.2179526612517346e+000
-6.6577596560974657e+000
2.6690125800598641e+000
3.4423380122668967e+000
6.3179817947041110e+000
-4.7076813320914273e+000
-1.3056712570358306e+000
5.4871944844120746e+000
6.3562345054048297e+000
-2.6858819435599912e+000
-1.4367528528766313e+000
3.5004270192570224e+000
5.8732797205713512e+000
-4.8062512613734398e+000
2.5083780143405034e+000
1.9683523534883371e+000
6.4005817561899256e+000
-2.8736532741485439e+000
2.5381051911874425e-001
2.1295467183288341e+000
6.2985091417461927e+000
-8.5526514996247087e+000
6.4768163721256122e-001
5.3212415057629592e+000
6.0597561332350827e+000
-8.5671362901191248e+000
2.6031382602761779e+000
3.5601209692824201e+000
6.4280437745185166e+000
-8.5330004250744089e+000
-1.1514517442546941e+000
5.2370830384208631e+000
6.1345797557314174e+000
-8.4902014619372306e+000
-1.2037632057861645e+000
3.5756687519447596e+000
5.9254598835372523e+000
-8.6556704060998761e+000
2.4369974874507827e+000
2.1810377380647967e+000
6.1243862736081383e+000
-8.6255683564106800e+000
3.8532056673920823e-001
2.3409759521332023e+000
6.5011428326395269e+000
-4.5564663247805326e+000
-3.3022981407274759e+000
5.1970910237111054e+000
5.9355127972492427e+000
-2.5565925811635299e+000
-3.3719512576896693e+000
3.4435023741597566e+000
6.1775579453949989e+000
-6.3774814936299888e+000
-3.3620282602846956e+000
5.3963007503772316e+000
5.5474776345532240e+000
-6.5858082301606258e+000
-3.3485008554072597e+000
3.5461146040226454e+000
5.9122069158335160e+000
-2.8324584693511614e+000
-3.4644698996442660e+000
2.1829997815967688e+000
5.9856783650690168e+000
-4.7572313595411488e+000
-3.4180330327231974e+000
2.2176676391953372e+000
6.6505694126480224e+000
-5.0096792509200085e+000
2.4656694426676484e+000
9.7053814196424260e-001
6.7328166435504713e+000
-2.7302412894070156e+000
8.9103116273127725e-002
1.0202507161897412e+000
6.6221485938907678e+000
-7.3005625079451963e+000
2.6082785919492193e+000
1.1533128305730671e+000
6.8782835204565167e+000
-7.2854829638611243e+000
1.9456230327481341e-001
1.1958121297489517e+000
6.6440842155638551e+000
-2.6650869190088331e+000
-2.0995607357710826e+000
1.1397787519734748e+000
6.8305601044732738e+000
-5.0268003940155133e+000
-2.2018247252237617e+000
1.2801660439876941e+000
