-6.2885662832591172e-001
7.5543341342360726e-001
8.3330806488465061e+000
1.5856612980826856e+001
-2.1792074424460428e-001
-3.9120384010456095e+000
1.1967441116239069e+001
9.7925422298298184e+000
-5.2303608363289045e-001
1.4262341881503886e+000
1.4432437003621064e+000
1.6718530215134393e+001
-1.0866262318816224e+000
2.7674903149241641e+000
8.1181244171601126e+000
1.2715624684955754e+001
-8.5034604141810211e-001
1.2391591865003515e-001
1.2772753637650728e+001
6.9760412705027397e+000
-3.1285572813800693e+000
5.1652495835250090e+000
1.0787698580736944e+001
1.1668935163378727e+001
7.7059057561524580e-001
-9.3000848792502333e-001
6.7599166616694859e+000
1.4973960538060977e+001
-1.8424521275270118e+000
-3.1620493414177355e+000
1.2662144587970865e+001
1.2275293864227727e+001
-4.0576581234230780e-001
-5.7048775098402595e+000
5.2494190552854443e+000
1.4397405077788825e+001
-1.1410450970105579e+000
-8.3457408306927920e+000
8.8853228797387658e+000
1.2609010949518913e+001
-3.4111796781249910e+000
-1.0591729571255875e+001
1.5261959144084848e+001
8.9231432351809143e+000
3.6153500331021599e-001
-2.6644279299919180e+000
8.4653133712515896e+000
8.2320763849362475e+000
9.8505347607184945e-001
1.9727110030496092e-001
4.7460400267220342e+000
1.4802798051028235e+001
2.8999446192082357e-001
2.6749190234437079e+000
4.9984547042827083e+000
1.3025448501266910e+001
-2.3730452849248556e+000
2.4412773542296304e+000
-5.7903163105918987e-001
1.3949215877778698e+001
-7.4928684626883479e-001
-3.7924163943855183e+000
4.1882116826152753e+000
1.2664499127161218e+001
8.7144120277426163e-001
1.5815274698962887e+000
3.8393063208216711e+000
1.0833662949690579e+001
-5.1154828641568688e+000
4.8838502806687600e+000
-4.4790997604461424e-001
5.1601964128003921e+000
8.2445235999752020e-001
5.3427832592913976e-002
1.1302243719190283e+001
8.5684282227020283e+000
-2.2627661246100389e-001
3.7399087049689856e+000
7.7245841493576002e+000
8.5236771318189977e+000
-1.8870618416456497e+000
-7.1748591747347499e+000
1.2811958827358218e+001
7.8572539426123518e+000
5.2925586089189913e-001
-3.1488416376071595e+000
8.7335132469264192e+000
9.6679313102903919e+000
-5.3054514878647507e-001
3.2336581161373807e+000
5.9957958159363012e-001
1.0106840824315295e+001
5.1402686375526430e-001
2.0563558819264610e-001
5.0795589818070104e+000
8.3675861215651288e+000
