-2.4006773070457101e+000
-1.1888502708225095e+000
4.9376579375817931e-001
8.7306478088903761e-001
-2.2316075391493380e+000
-1.2226155535280889e+000
1.7486476179820156e+000
-3.9745384165538333e-001
-2.4584855299342880e+000
-3.7326426886638842e-002
-5.3405532155222879e-001
8.1959117680278848e-001
-2.2390621965772430e+000
1.2539416169445348e+000
-5.8097424740588099e-001
-5.3518764314987399e-001
-2.7517103786034611e+000
1.2633058198861441e-001
1.7261462217438182e+000
-1.4459018208576604e+000
-2.3922073729592590e+000
1.2278749679766188e+000
3.9230373859956202e-001
-1.3591276863533099e+000
-2.6438454412241432e+000
-2.5659919983611146e+000
5.2885515268885619e-001
8.3836172118227315e-001
-2.6001833620256716e+000
-2.5634636234661157e+000
1.7986818270149476e+000
-3.3748878132955240e-001
-2.4087269753115477e+000
-2.5165732302858976e+000
-4.7588463819947274e-001
7.2282522175106456e-001
-2.6823835423889295e+000
-2.5376295093379770e+000
-4.4204365596802664e-001
-4.4914748195146359e-001
-2.7521976629534701e+000
-2.6241989419093206e+000
1.7357419960884972e+000
-1.3114084267837367e+000
-2.5923503902873852e+000
-2.5158881528983175e+000
5.0738026034858952e-001
-1.2754274387027336e+000
-1.8549153903978219e+000
-2.5676208312563460e-002
-1.4823725499424831e+000
5.7620576091698927e-001
-2.4492423271526431e+000
1.4424773101386190e+000
-1.6313983122627265e+000
-6.2006476756030060e-001
-2.0346342853438957e+000
-1.2879598055637851e+000
-1.5454824357650232e+000
7.1397192640129936e-001
-2.5612755188033152e+000
-1.5310898227554317e+000
-1.5060520817908021e+000
-4.2947776866747261e-001
-2.3621278617261203e+000
1.1943277849881202e+000
-1.6210344874139613e+000
-1.5603480804197072e+000
-2.3622296522332813e+000
-9.1685879223612168e-002
-1.5894431501315622e+000
-1.5514200963985050e+000
-1.8631187010872856e+000
-1.7158566867256649e-002
1.5861301405258408e+000
-2.2727460616425752e+000
-2.0687153111168852e+000
1.3617311009092763e+000
2.2384665064125397e-001
-2.2455901613591132e+000
-2.0297969909076601e+000
-1.5320410887477955e+000
1.7673269122385571e+000
-2.1614071174227294e+000
-1.8266832298517235e+000
-1.3794200561261458e+000
3.7897216460946909e-001
-2.1912812052427024e+000
-2.0661736363986272e+000
1.2990512364169995e+000
-7.7759530333884475e-001
-2.2560733990371200e+000
-1.8990303157774817e+000
-3.0517458509853235e-001
-7.5810081249261629e-001
-2.1707660297999793e+000
