2.7554636190144244e+000
-5.7945553063463775e+000
-2.1649522474589964e+000
2.2332169125952506e+000
2.2745982182726028e+000
-6.9476489907564263e+000
3.2971090402626646e-001
9.7042156437004701e-001
2.3422181451360733e+000
-3.5567964526483995e+000
-5.2776582781892394e+000
2.5884916541761962e+000
2.8984370374313411e+000
-2.0110386646649596e+000
-4.4317701437168884e+000
5.0377074194591531e-001
2.1953711977707870e+000
-3.8697157071591080e+000
6.5101362273916363e-001
-2.6482580829850204e+000
2.7655847027239822e+000
-2.2127732470685411e+000
-1.3615363997990915e+000
-2.3905876727845343e+000
2.7479725046326973e+000
-4.7665756773807146e+000
-1.9606639496877911e+000
2.1576113136076778e+000
1.9570905783963697e+000
-5.6852661433109342e+000
5.1377637984979763e-001
1.0041988918103761e+000
2.5224629692210971e+000
-4.8018683745860322e+000
-4.6591862646511100e+000
2.5565792626643131e+000
2.6666407632481088e+000
-4.8055204440245145e+000
-4.3482656148364471e+000
6.6965158508669265e-001
2.5083306915159036e+000
-4.8039796167540327e+000
-2.9782811233074108e-002
-1.9458925373924760e+000
2.5883677337820834e+000
-5.0101757169775532e+000
-1.8024182925997190e+000
-1.8338680875723328e+000
2.3972447972423616e+000
-3.3621181487442917e+000
-3.0625207930141127e+000
2.4056830959613875e+000
2.4945983476295606e+000
-2.0485626079135031e+000
-3.6518647343130750e+000
9.3433965175326272e-001
2.3556305296667990e+000
-6.0586466178073213e+000
-3.2400079231774295e+000
2.5311407708779083e+000
2.2185362203519365e+000
-6.4061227432894281e+000
-2.8999746045573693e+000
3.6603739805742175e-001
2.5860440847354518e+000
-1.7538647292060858e+000
-3.9792142350093753e+000
-9.4186443554568677e-001
2.5327319194832842e+000
-3.1911809356761935e+000
-3.2185303853088367e+000
-2.2257246892080564e+000
2.2971118330304998e+000
-4.0972560345713642e+000
1.0374408152582257e-001
-9.4952009419609129e-001
2.4333236664417672e+000
-1.6112431867229473e+000
-2.1050906792051429e+000
-3.6793113466875599e-001
2.1901261600562028e+000
-5.0596402763366219e+000
2.1388692006837851e-001
-1.9223522044983918e+000
2.6752142124955469e+000
-5.2913739820722281e+000
-1.9129760394973427e+000
-1.2178047557157865e+000
2.1825600291441511e+000
-1.4240786841147453e+000
-3.9436540286868422e+000
-1.0625402517336671e+000
2.5911416157092719e+000
-3.8216863701834702e+000
-4.1999380480198383e+000
-5.6087199856042624e-001
