-7.3515706801110845e+000
-3.0258512155803361e+000
2.8163650946170198e+000
-5.1429991609734209e+000
-7.3309016590427332e+000
-3.0866393751738599e+000
3.5084822157125837e+000
-5.7892621520935537e+000
-7.4179564970978022e+000
-2.4799694151788385e+000
2.4405146936016089e+000
-5.2576470104249289e+000
-7.5274806687990639e+000
-1.7441031014731301e+000
2.2836603096679533e+000
-5.8011657817971933e+000
-7.5944181168267111e+000
-2.3936299174767086e+000
3.5253908430780951e+000
-6.3963944819725755e+000
-7.4629792709296012e+000
-1.7770730082740644e+000
2.8118547735156674e+000
-6.3417133874240594e+000
-7.5624668941914912e+000
-3.6742152347459749e+000
2.9597148807582045e+000
-5.1922965430153090e+000
-7.4858397682263016e+000
-3.7410846196347509e+000
3.4563008895295475e+000
-5.7028117748885432e+000
-7.4602144148475338e+000
-3.6503299312808437e+000
2.3683730786354880e+000
-5.1829703999098751e+000
-7.6829190258540487e+000
-3.6774813479545863e+000
2.3465123697573400e+000
-5.8249324938813292e+000
-7.5689945849943436e+000
-3.7068558121572330e+000
3.5043168881996203e+000
-6.1631104716921774e+000
-7.6640492120857697e+000
-3.6726796196313027e+000
2.9711117286025943e+000
-6.3309919456182886e+000
-7.2649566338594287e+000
-2.5805779048584840e+000
1.9812932941842654e+000
-5.2247769133601274e+000
-7.4068153687680569e+000
-1.8829154570639313e+000
1.8672412376318521e+000
-5.8452085474324047e+000
-7.1599070509345246e+000
-3.1126504969756943e+000
2.0183039692071141e+000
-5.2378178838244471e+000
-7.5499635418071129e+000
-3.1206176062322228e+000
1.9832737481711258e+000
-5.9811970547667315e+000
-7.5121304417770416e+000
-1.8997561398201883e+000
1.8628715218676659e+000
-6.3536724249927063e+000
-7.4567026611633667e+000
-2.4386029779750018e+000
1.9550690713974717e+000
-6.3527027052498974e+000
-7.0943866532918758e+000
-2.4975297044277585e+000
3.4346880966065254e+000
-6.6915738027714031e+000
-7.1818554182637104e+000
-1.9344905882789147e+000
2.8040777685011413e+000
-6.6271859789668222e+000
-7.2558347749753587e+000
-3.1549152269365721e+000
3.5219742646290260e+000
-6.6224834573352860e+000
-7.2090480907104260e+000
-3.1271480913854601e+000
2.8294851968972474e+000
-6.6569726744092685e+000
-7.2589339039644090e+000
-1.9680910246555197e+000
2.4770914605326668e+000
-6.7227978928066312e+000
-7.2118138449126414e+000
-2.5093431744477774e+000
2.2704732585596692e+000
-6.5890485459153219e+000
