6.7077822309080460e-003
1.2834565644196709e+000
-5.2493802305533233e-001
-8.6617003730577546e-001
1.5934305314619592e+000
-6.2730203684873653e-001
-8.8602185184333537e-001
-1.9412458733115263e-002
-7.1608366976391191e-001
1.5780837550633036e+000
-6.2489761147209577e-001
-7.8464547623861014e-001
1.7999079245484908e+000
-9.8652856100088049e-001
1.2704676492721750e-002
-5.6737289465632290e-001
-1.0531457320074968e+000
1.4910676487780274e+000
-8.0878505522429567e-001
-1.1726058876995542e+000
1.8725504128431416e+000
