-3.6921464782165625e-002
1.2889768538409372e+000
-4.8594704433719588e-001
-7.4460040946144379e-001
1.8842843312737441e+000
-3.8013606902902841e-001
-9.5548867937556103e-001
5.2140217363171983e-003
-7.5427118199768417e-001
1.5015874242793619e+000
-7.5142494900536627e-001
-8.8858612152788674e-001
1.7761235458217155e+000
-9.7025860164547439e-001
3.1707443051885262e-002
-5.3470567184314877e-001
-1.0156403799412959e+000
1.4960253584671119e+000
-9.9569820974709933e-001
-1.3959874767923328e+000
1.9257472810183693e+000
