3.9274248314180388e-002
1.3869021905550944e+000
-7.2663546614468177e-001
-7.2099691146797396e-001
1.5986697393248583e+000
-7.2236771037514491e-001
-8.8278327239325771e-001
-2.1946340106544174e-002
-7.1405225126360572e-001
1.5543019312450752e+000
-8.6606219625686898e-001
-8.4105978242597423e-001
1.6745166098179871e+000
-8.0872241920307630e-001
-1.7327908195345697e-002
-6.7284993929220682e-001
-8.2766646509914632e-001
1.5870591077266418e+000
-7.5760995689967259e-001
-9.5214889944167935e-001
1.6915056915964004e+000
