-5.7745380454588977e-002
1.4653537552590674e+000
-7.6242036977499239e-001
-8.8251085327645007e-001
2.6638640651691592e+000
-1.5900730037128660e-001
-1.2294931239047742e+000
5.8708448617971816e-002
-1.0336612560853138e+000
1.6624070306262311e+000
-7.9078439807030287e-001
-1.7958501160337168e+000
2.5045490831431052e+000
-1.5160012235594387e+000
-9.6306816291793476e-004
-4.3169249917380398e-001
-8.9998666085102363e-001
1.6732952513454780e+000
-8.6801394913440855e-001
-2.3455417827719502e+000
2.7454943474640028e+000
