5.3347411590141232e-002
1.3160397317506944e+000
-6.4749219424572158e-001
-8.2157856331271439e-001
1.5872428638477614e+000
-7.2995989490218960e-001
-9.4249055852115859e-001
-4.4870575071276890e-002
-6.7148158663282853e-001
1.5609024001344149e+000
-6.4344883659599972e-001
-7.6616275880615892e-001
1.7278459637797909e+000
-9.3466155063520429e-001
-8.4768365102132759e-003
-6.4455814511790754e-001
-9.1341020588907329e-001
1.4650273999097307e+000
-8.2108010504082962e-001
-9.9788606887932185e-001
1.8771521091567083e+000
