2.1404753025504125e-001
1.5895170079956120e+000
-8.4251069462887729e-001
-9.2398204906397441e-001
1.3087776520358714e+000
-8.4509087727677790e-001
-7.7867512714071929e-001
-1.3209051007518247e-001
-8.2485463002305681e-001
1.7713445818757598e+000
-8.2271611037075632e-001
-7.2903928874647939e-001
1.4946398086841985e+000
-6.3591652469380344e-001
-8.1957020173004880e-002
-7.6466237797191783e-001
-9.2883388724550686e-001
1.7466981594347550e+000
-5.7973836328721884e-001
-6.4954893140617076e-001
1.4145916518373549e+000
