1.4678465738626359e-001
1.7624489547876943e+000
-8.5928018883630553e-001
-8.0624452242873212e-001
1.4762574560180064e+000
-8.9347818730401130e-001
-8.0976958900119111e-001
-1.0854564307022146e-001
-8.5951464257760468e-001
1.7548697065584316e+000
-9.2660793364722527e-001
-6.9841755693815821e-001
1.4929979184652413e+000
-5.8779810004030164e-001
-3.8239014316753361e-002
-9.0293431221092912e-001
-8.9558951772207063e-001
1.7328524560768179e+000
-7.7783989907838191e-001
-5.9951973116377966e-001
1.3975676890417248e+000
