7.7477083773951863e-002
1.5368749747846866e+000
-6.8440742789321052e-001
-8.6464434932132717e-001
1.6112118915704137e+000
-8.5127167403093063e-001
-9.0151137096921319e-001
-6.6120209641007038e-002
-8.5246837360922767e-001
1.6555891996811667e+000
-8.1855326022222219e-001
-9.0736373741571597e-001
1.6589829439106967e+000
-5.9896281359953207e-001
-1.1356874130620285e-002
-6.8440660117356644e-001
-9.7118177179001863e-001
1.6831976095449614e+000
-7.0384815415303514e-001
-8.0771126988339248e-001
1.5004741845664749e+000
