1.6148726070831562e-001
1.5554652008039362e+000
-7.3821202667237196e-001
-9.4137088658309320e-001
1.3997204399946632e+000
-8.1330797180827230e-001
-8.1675856081457421e-001
-8.6609679764613881e-002
-8.2556504628579974e-001
1.7095663238290146e+000
-8.3514971189207210e-001
-7.9467416500070565e-001
1.5904280755711457e+000
-7.0892429549561886e-001
-7.4877580950130626e-002
-7.2990015452165102e-001
-9.7135429715667387e-001
1.7765205984757897e+000
-6.0504627499535313e-001
-7.7712010376406027e-001
1.5256828563088223e+000
