4.8625700815266647e-002
1.4317135132277745e+000
-7.0791434701301725e-001
-7.8233508469209778e-001
1.6138062668042195e+000
-7.3256722401706220e-001
-9.0317511201713085e-001
-3.3719398091292402e-003
-7.8467633321338248e-001
1.5181322085848870e+000
-8.5063910943635179e-001
-9.4360244563310824e-001
1.6354128698404482e+000
-7.0545026032106317e-001
-4.5253761011008510e-002
-6.4703718001502342e-001
-8.1021786157155229e-001
1.6329741941273186e+000
-6.7020382116995569e-001
-9.0284564582222437e-001
1.6086253723382447e+000
