-6.6507418842449359e-002
1.4231692857231597e+000
-5.6450408985376199e-001
-7.4997355311256375e-001
2.1490640363790137e+000
-2.4388303078945053e-001
-8.7833487679842515e-001
6.1345391499126739e-002
-9.8745825730560977e-001
1.5026974894045482e+000
-8.0079926107346477e-001
-1.2543857831443643e+000
2.1133464570644374e+000
-1.3676319707633653e+000
5.1620273573738740e-003
-4.3571102841718390e-001
-9.3819339955137770e-001
1.5507728141868196e+000
-8.9467825323527839e-001
-1.8694634262757521e+000
2.2459668475619536e+000
