-3.3158203264933996e-002
1.7362422242673681e+000
-4.4497596057629157e-001
-1.5835185143439616e+000
3.1687013626884402e+000
2.7071094481734942e-001
-1.8090711631338363e+000
2.3872895846125671e-002
-8.1416255782607017e-001
1.8273332414428465e+000
-4.6965499690820200e-001
-1.4277700961227531e+000
3.6055569240209646e+000
-3.0652849595793112e+000
9.2853074357531051e-003
-9.2207966644139849e-001
-1.3823572808664126e+000
2.0531735112521852e+000
-1.7409312665664789e+000
-3.8762678688384860e+000
4.8743561227149881e+000
